1
call: 45.30004206256291%
add: 17.03678466969676%
br: 7.364275900032153%
icmp: 6.530185766072113%
trunc: 5.994728978574133%
getelementptr: 5.515584667816063%
load: 4.973002923402373%
zext: 4.159238808663803%
urem: 1.3833989950555692%
mul: 0.5877185273111896%
store: 0.5425094098257134%
sub: 0.4520911748547612%
srem: 0.09041823497095224%
and: 0.060580217430538%
or: 0.009041823497095224%
2
call_call: 40.688241904222494%
add_icmp: 5.535585181391638%
icmp_br: 5.526543357894543%
getelementptr_load: 4.973002923402373%
br_trunc: 4.973002923402373%
call_add: 4.521092585017554%
trunc_call: 4.520911748547612%
load_add: 4.068820573692851%
zext_getelementptr: 4.068820573692851%
add_zext: 4.068820573692851%
add_add: 3.1646382239833284%
trunc_add: 1.455733583032331%
add_urem: 1.3833989950555692%
br_add: 1.376165536257893%
urem_add: 1.3562735245642836%
3
call_call_call: 36.1672939883809%
add_icmp_br: 5.0744521830397815%
call_add_icmp: 4.521092585017554%
call_call_add: 4.520911748547612%
trunc_call_call: 4.520911748547612%
br_trunc_call: 4.520911748547612%
icmp_br_trunc: 4.511869925050517%
getelementptr_load_add: 4.068820573692851%
zext_getelementptr_load: 4.068820573692851%
add_zext_getelementptr: 4.068820573692851%
load_add_add: 2.7125470491285673%
add_add_zext: 2.260455874273806%
trunc_add_urem: 1.3833989950555692%
urem_add_zext: 1.3562735245642836%
add_urem_add: 1.3562735245642836%